0 0 0 0 0 0 0 0 0 0 0 0 0 0 0 0 0 0 0 0 0 0 0 0 0 0 0 0 0 0 0 0 0 0 0 0 0 0 0 0 0 0 0 0 0 0 0 0 0 0 0 0 0 0 0 0 0 0 0 0 0 0 0 0
0 0 0 0 0 0 0 0 0 0 0 0 0 0 0 0 0 0 0 0 0 0 0 0 0 0 0 0 0 0 0 0 0 0 0 0 0 0 0 0 0 0 0 0 0 0 0 0 0 0 0 0 0 0 0 0 0 0 0 0 0 0 0 0
0 0 0 0 0 0 0 0 0 0 0 0 0 0 0 0 0 0 0 0 0 0 0 0 0 0 0 0 0 0 0 0 0 0 0 0 0 0 0 0 0 0 0 0 0 0 0 0 0 0 0 0 0 0 0 0 0 0 0 0 0 0 0 0
0 0 0 0 0 0 0 0 0 0 0 0 0 0 0 0 0 0 0 0 0 0 0 0 0 0 0 0 0 0 0 0 0 0 0 0 0 0 0 0 0 0 0 0 0 0 0 0 0 0 0 0 0 0 0 0 0 0 0 0 0 0 0 0
0 0 0 0 0 0 0 0 0 0 0 0 0 0 0 0 0 0 0 0 0 0 0 0 0 0 0 0 0 0 0 0 0 0 0 0 0 0 0 0 0 0 0 0 0 0 0 0 0 0 0 0 0 0 0 0 0 0 0 0 0 0 0 0
0 0 0 0 0 0 0 0 0 0 0 0 0 0 0 0 0 0 0 0 0 0 0 0 0 0 0 0 0 0 0 0 0 0 0 0 0 0 0 0 0 0 0 0 0 0 0 0 0 0 0 0 0 0 0 0 0 0 0 0 0 0 0 0
0 0 0 0 0 0 0 0 0 0 0 0 0 0 0 0 0 0 0 0 0 0 0 0 0 0 0 0 0 0 0 0 0 0 0 0 0 0 0 3 31 47 43 8 0 0 0 0 0 0 0 0 0 0 0 0 0 0 0 0 0 0 0 0
0 0 0 0 0 0 0 0 0 0 0 0 0 0 0 0 0 0 0 0 0 0 0 0 0 0 0 0 0 0 0 0 0 0 0 0 6 37 134 212 218 200 204 217 158 67 2 0 0 0 0 0 0 0 0 0 0 0 0 0 0 0 0 0
0 0 0 0 0 0 0 0 0 0 0 0 0 0 0 0 0 0 0 0 0 0 0 0 0 0 0 0 0 0 0 0 1 0 2 2 112 206 133 73 48 46 46 56 115 186 148 25 0 0 0 0 0 0 0 0 0 0 0 0 0 0 0 0
0 0 0 0 0 0 0 0 0 0 0 0 0 0 0 0 0 0 0 0 0 0 0 0 0 0 0 0 0 0 0 0 7 0 17 158 151 55 48 47 47 43 46 45 48 47 116 193 18 0 0 0 2 0 0 0 4 0 0 0 0 0 0 0
0 0 0 0 0 0 0 0 0 0 0 0 0 0 0 0 0 0 0 0 0 0 0 0 0 0 0 0 0 0 0 0 2 2 153 123 47 41 49 46 46 43 43 44 44 44 45 82 173 22 0 0 2 0 0 0 3 0 0 0 0 0 0 0
0 0 0 0 0 0 0 0 0 0 0 0 0 0 0 0 0 0 0 0 0 0 0 0 0 0 0 0 0 0 0 0 3 104 128 52 42 43 41 49 48 49 46 44 41 47 44 45 80 161 1 0 1 0 0 0 2 0 0 0 0 0 0 0
4 0 0 0 0 0 0 0 0 0 0 0 0 0 0 0 0 0 0 0 0 0 0 0 0 0 0 0 0 0 0 0 16 172 48 44 46 44 46 50 69 69 64 52 46 46 44 44 59 129 67 19 0 0 0 0 0 0 0 0 0 0 0 0
7 0 0 0 0 0 0 0 0 0 0 0 0 0 0 0 0 0 0 0 0 0 0 0 0 0 0 0 0 0 0 0 110 66 45 42 47 42 49 63 73 67 68 69 52 44 43 43 58 50 169 10 0 0 0 0 0 0 0 0 1 0 0 0
2 0 0 0 0 0 0 0 0 0 0 0 0 0 0 0 0 0 0 0 0 0 0 0 0 0 0 0 0 0 5 18 139 44 44 44 46 45 56 68 65 67 67 64 61 45 44 44 50 45 129 55 0 0 0 0 0 0 0 0 0 0 0 0
1 0 0 0 0 0 0 0 0 0 0 0 0 0 0 0 0 0 0 0 0 0 0 0 0 0 0 0 1 1 12 89 76 43 49 29 15 32 61 69 66 66 66 64 67 46 44 44 48 45 61 131 0 0 0 0 0 0 0 0 0 0 0 0
0 0 0 0 0 0 0 0 0 0 0 0 0 0 0 0 0 0 0 0 0 0 0 0 0 0 0 0 1 1 9 133 45 46 48 4 4 0 37 68 67 67 65 66 64 43 38 45 45 45 51 133 7 1 3 0 0 0 0 0 0 0 0 0
0 0 0 0 0 0 0 0 0 0 0 0 0 0 0 0 0 0 0 0 0 0 0 0 0 0 0 0 2 0 10 132 44 44 47 0 4 0 8 64 68 68 64 68 61 17 2 35 52 48 50 93 34 5 14 1 0 0 0 0 1 0 0 0
0 0 0 0 0 0 0 0 0 0 0 0 0 0 0 0 0 0 0 0 0 0 0 0 0 0 0 0 9 0 36 103 46 47 44 0 0 0 1 37 69 63 65 67 27 0 11 21 50 46 46 54 66 6 20 1 0 0 0 0 0 0 0 0
0 0 0 0 0 0 0 0 0 0 0 0 0 0 0 0 0 0 0 0 0 0 0 0 0 0 0 0 13 0 51 77 46 48 45 1 0 0 0 2 56 83 65 49 4 0 5 23 50 46 45 46 84 7 16 1 0 0 0 0 0 0 0 0
0 0 0 0 0 0 0 0 0 0 0 0 0 0 0 0 0 0 0 0 0 0 0 0 0 0 0 0 14 0 66 69 45 44 49 5 0 0 0 0 15 61 55 28 4 0 1 32 48 43 46 43 88 7 13 2 0 0 0 0 0 0 0 0
0 0 0 0 0 0 0 0 0 0 0 0 0 0 0 0 0 0 0 0 0 0 0 0 1 0 0 0 17 1 66 67 45 41 50 16 0 0 0 0 5 44 52 11 0 0 0 43 45 46 46 45 84 6 12 3 0 0 0 0 0 0 0 0
0 0 0 0 0 0 0 0 0 0 0 0 0 0 0 0 0 0 0 0 0 0 0 0 0 0 0 0 18 0 62 66 47 43 46 32 0 0 0 0 0 55 49 4 2 0 7 49 49 45 47 44 83 7 16 2 0 0 0 0 0 0 0 0
0 0 0 0 0 0 0 0 0 0 0 0 0 0 0 0 1 0 0 0 0 0 0 0 0 0 0 0 13 1 47 76 46 44 45 44 3 0 1 0 1 54 45 0 1 0 28 50 50 45 43 46 71 8 16 2 0 0 0 0 0 0 0 0
0 0 0 0 0 0 0 0 0 0 0 0 0 0 0 0 0 0 0 0 0 0 0 0 0 0 0 0 9 0 34 87 46 43 44 45 21 1 4 0 1 32 41 0 0 9 46 45 51 44 44 45 62 7 19 1 0 0 0 0 0 0 0 0
0 0 0 0 0 0 0 0 0 0 0 0 0 0 0 0 0 0 0 0 0 0 0 0 0 0 0 0 2 0 9 110 45 43 43 43 42 5 0 0 3 32 45 3 2 36 47 45 49 46 49 67 37 6 14 1 0 0 0 0 0 0 0 0
0 0 0 0 0 0 0 0 0 0 0 0 0 0 0 0 0 0 0 0 0 0 0 0 0 0 0 0 1 1 10 104 46 45 44 46 48 34 1 0 2 42 48 38 40 46 47 44 50 43 51 104 8 1 3 0 0 0 0 0 0 0 0 0
0 0 0 0 0 0 0 0 0 0 0 0 0 0 0 0 0 0 0 0 0 0 0 0 0 0 0 0 1 1 12 77 51 45 47 46 47 44 33 11 18 46 46 43 48 45 42 47 48 45 64 95 0 0 0 0 0 0 0 0 0 0 0 0
2 0 0 0 0 0 0 0 0 0 0 0 0 0 0 0 0 0 0 0 0 0 0 0 0 0 0 0 0 0 6 20 88 44 45 43 46 47 46 45 45 44 44 45 43 45 44 44 50 48 79 64 0 0 0 0 0 0 0 0 0 0 0 0
6 0 0 0 0 0 0 0 0 0 0 0 0 0 0 0 0 0 0 0 0 0 0 0 0 0 0 0 0 0 0 0 87 47 46 45 46 47 45 44 49 47 44 46 46 45 46 45 52 44 106 13 0 0 0 0 0 0 0 0 0 0 0 0
3 0 0 0 0 0 0 0 0 0 0 0 0 0 0 0 0 0 0 0 0 0 0 0 0 0 0 0 0 0 0 0 21 99 46 45 46 43 45 46 49 48 50 48 45 49 47 47 63 67 61 21 0 0 0 0 0 0 0 0 1 0 0 0
0 0 0 0 0 0 0 0 0 0 0 0 0 0 0 0 0 0 0 0 0 0 0 0 0 0 0 0 0 0 0 0 0 99 56 47 50 43 46 47 58 50 60 44 43 44 47 48 45 118 2 1 0 0 0 0 0 0 0 0 0 0 0 0
0 0 0 0 0 0 0 0 0 0 0 0 0 0 0 0 0 0 0 0 0 0 0 0 0 0 0 0 0 0 0 0 5 4 108 65 45 45 45 45 46 46 44 42 45 43 44 44 110 27 0 0 1 0 0 0 4 0 0 0 0 0 0 0
0 0 0 0 0 0 0 0 0 0 0 0 0 0 0 0 0 0 0 0 0 0 0 0 0 0 0 0 0 0 0 0 6 0 24 114 53 46 48 45 47 47 44 45 44 49 50 114 26 0 1 0 1 0 0 0 6 0 0 0 0 0 0 0
0 0 0 0 0 0 0 0 0 0 0 0 0 0 0 0 0 0 0 0 0 0 0 0 0 0 0 0 0 0 0 0 1 0 2 4 101 94 58 46 47 44 43 42 48 72 125 23 0 0 0 0 0 0 0 0 0 0 0 0 0 0 0 0
0 0 0 0 0 0 0 0 0 0 0 0 0 0 0 0 0 0 0 0 0 0 0 0 0 0 0 0 0 0 0 0 0 0 0 0 3 53 113 127 90 79 87 118 121 78 3 1 0 0 0 0 0 0 0 0 0 0 0 0 0 0 0 0
0 0 0 0 0 0 0 0 0 0 0 0 0 0 0 0 0 0 0 0 0 0 0 0 0 0 0 0 0 0 0 0 0 0 0 0 0 0 0 8 48 65 58 18 0 0 0 0 0 0 0 0 0 0 0 0 0 0 0 0 0 0 0 0
0 0 0 0 0 0 0 0 0 0 0 0 0 0 0 0 0 0 0 0 0 0 0 0 0 0 0 0 0 0 0 0 0 0 0 0 0 0 0 0 0 0 0 0 0 0 0 0 0 0 0 0 0 0 0 0 0 0 0 0 0 0 0 0
0 0 0 0 0 0 0 0 0 0 0 0 0 0 0 0 0 0 0 0 0 0 0 0 0 0 0 0 0 0 0 0 0 0 0 0 0 0 0 0 0 0 0 0 0 0 0 0 0 0 0 0 0 0 0 0 0 0 0 0 0 0 0 0
0 0 0 0 0 0 0 0 0 0 0 0 0 0 0 0 0 0 0 0 0 0 0 0 0 0 0 0 0 0 0 0 0 0 0 0 0 0 0 0 0 0 0 0 0 0 0 0 0 0 0 0 0 0 0 0 0 0 0 0 0 0 0 0
0 0 0 0 0 0 0 0 0 0 0 0 0 0 0 0 0 0 0 0 0 0 0 0 0 0 0 0 0 0 0 0 0 0 0 0 0 0 0 0 0 0 0 0 0 0 0 0 0 0 0 0 0 0 0 0 0 0 0 0 0 0 0 0
0 0 0 0 0 0 0 0 0 0 0 0 0 0 0 0 0 0 0 0 0 0 0 0 0 0 0 0 0 0 0 0 0 0 0 0 0 0 0 0 0 0 0 0 0 0 0 0 0 0 0 0 0 0 0 0 0 0 0 0 0 0 0 0
0 0 0 0 0 0 0 0 0 0 0 0 0 0 0 0 0 0 0 0 0 0 0 0 0 0 0 0 0 0 0 0 0 0 0 0 0 0 0 0 0 0 0 0 0 0 0 0 0 0 0 0 0 0 0 0 0 0 0 0 0 0 0 0
0 0 0 0 0 0 0 0 0 0 0 0 0 0 0 0 0 0 0 0 0 0 0 0 0 0 0 0 0 0 0 0 0 0 0 0 0 0 0 0 0 0 0 0 0 0 0 0 0 0 0 0 0 0 0 0 0 0 0 0 0 0 0 0
0 0 0 0 0 0 0 0 0 0 0 0 0 0 0 0 0 0 0 0 0 0 0 0 0 0 0 0 0 0 0 0 0 0 0 0 0 0 0 0 0 0 0 0 0 0 0 0 0 0 0 0 0 0 0 0 0 0 0 0 0 0 0 0
0 0 0 0 0 0 0 0 0 0 0 0 0 0 0 0 0 0 0 0 0 0 0 0 0 0 0 0 0 0 0 0 0 0 0 0 0 0 0 0 0 0 0 0 0 0 0 0 0 0 0 0 0 0 0 0 0 0 0 0 0 0 0 0
0 0 0 0 0 0 0 0 0 0 54 54 52 52 2 1 50 54 55 52 38 53 61 5 1 0 5 55 53 54 48 28 52 54 54 39 0 52 52 52 53 49 23 3 10 51 57 52 32 0 1 52 55 53 22 2 3 0 0 0 0 0 0 0
6 0 0 0 0 0 0 0 3 2 91 207 206 86 5 2 80 182 188 88 60 167 246 127 5 1 9 101 208 163 76 36 132 226 153 72 6 79 191 197 96 116 216 146 20 130 234 156 49 0 3 83 187 161 47 8 4 0 0 0 0 0 0 0
5 0 0 0 0 0 0 0 6 0 17 148 158 2 7 1 26 86 83 19 6 15 217 225 73 3 9 1 87 40 20 2 15 227 59 24 13 2 135 184 17 1 75 255 67 10 180 168 8 0 0 0 134 15 17 2 1 0 0 0 1 0 0 0
3 0 0 0 0 0 0 0 6 0 17 148 158 2 5 1 5 59 73 24 24 4 146 142 225 40 1 0 74 33 25 4 26 222 63 23 17 2 136 182 20 1 45 242 93 10 59 233 20 0 5 10 125 6 13 0 5 0 1 0 1 0 0 0
5 0 0 0 0 0 0 0 7 0 16 148 156 2 6 0 6 52 75 24 19 2 141 14 205 186 4 2 85 31 27 6 34 229 58 22 16 2 139 180 7 0 85 232 36 5 16 225 81 0 28 78 43 6 12 1 7 0 0 0 1 0 0 0
4 0 0 0 0 0 0 0 7 0 16 146 159 2 6 0 14 48 78 29 12 0 131 13 36 226 108 20 96 32 28 5 20 218 59 20 13 1 137 201 85 121 213 91 1 0 14 137 189 3 16 137 2 0 0 0 2 0 0 0 1 0 0 0
5 0 0 0 0 0 0 0 6 0 18 148 161 2 7 1 6 58 70 20 22 3 130 11 35 88 225 66 73 33 17 2 13 222 60 20 15 2 139 198 68 54 9 3 2 1 9 60 234 61 77 78 0 0 0 0 0 0 0 0 0 0 0 0
4 0 0 0 1 0 0 0 7 0 17 149 160 3 5 1 4 58 68 23 19 2 128 10 24 1 146 212 111 42 12 2 13 224 59 20 13 2 139 177 2 0 0 0 0 0 1 5 205 144 138 20 0 0 0 0 1 0 0 0 0 0 0 0
2 0 0 0 0 0 0 0 3 0 14 129 207 4 2 0 2 106 54 20 8 5 149 8 2 0 16 201 222 45 2 2 13 227 63 25 15 2 136 184 1 0 0 0 0 0 0 0 112 217 113 15 7 0 0 0 18 0 1 0 2 0 1 0
8 0 0 0 0 0 0 0 2 0 14 34 216 132 25 18 69 161 6 2 3 78 224 53 11 0 10 46 228 42 2 2 43 228 110 24 12 9 157 201 15 0 0 0 1 0 0 0 41 224 34 14 5 0 0 0 11 0 1 0 2 0 1 0
0 0 0 0 0 0 0 0 8 0 0 0 22 123 171 159 101 8 1 0 54 136 143 128 63 4 9 2 75 19 4 68 125 127 132 101 0 123 125 130 126 29 0 0 0 0 0 0 0 127 1 1 0 0 0 0 0 0 0 0 0 0 0 0
0 0 0 0 0 0 0 0 0 0 0 0 0 0 0 0 0 0 0 0 0 0 0 0 0 0 0 0 0 0 0 0 0 0 0 0 0 0 0 0 0 0 0 0 0 0 0 0 0 0 0 0 0 0 0 0 0 0 0 0 0 0 0 0
0 0 0 0 0 0 0 0 0 0 0 0 0 0 0 0 0 0 0 0 0 0 0 0 0 0 0 0 0 0 0 0 0 0 0 0 0 0 0 0 0 0 0 0 0 0 0 0 0 0 0 0 0 0 0 0 0 0 0 0 0 0 0 0
0 0 0 0 0 0 0 0 0 0 0 0 0 0 0 0 0 0 0 0 0 0 0 0 0 0 0 0 0 0 0 0 0 0 0 0 0 0 0 0 0 0 0 0 0 0 0 0 0 0 0 0 0 0 0 0 0 0 0 0 0 0 0 0
0 0 0 0 0 0 0 0 0 0 0 0 0 0 0 0 0 0 0 0 0 0 0 0 0 0 0 0 0 0 0 0 0 0 0 0 0 0 0 0 0 0 0 0 0 0 0 0 0 0 0 0 0 0 0 0 0 0 0 0 0 0 0 0
0 0 0 0 0 0 0 0 0 0 0 0 0 0 0 0 0 0 0 0 0 0 0 0 0 0 0 0 0 0 0 0 0 0 0 0 0 0 0 0 0 0 0 0 0 0 0 0 0 0 0 0 0 0 0 0 0 0 0 0 0 0 0 0
0 0 0 0 0 0 0 0 0 0 0 0 0 0 0 0 0 0 0 0 0 0 0 0 0 0 0 0 0 0 0 0 0 0 0 0 0 0 0 0 0 0 0 0 0 0 0 0 0 0 0 0 0 0 0 0 0 0 0 0 0 0 0 0
0 0 0 0 0 0 0 0 0 0 0 0 0 0 0 0 0 0 0 0 0 0 0 0 0 0 0 0 0 0 0 0 0 0 0 0 0 0 0 0 0 0 0 0 0 0 0 0 0 0 0 0 0 0 0 0 0 0 0 0 0 0 0 0
