0 0 0 0 0 0 0 0 0 0 0 0 0 0 0 0 0 0 0 0 0 0 0 0 0 0 0 0 0 0 0 0
0 0 0 0 0 0 0 0 0 0 0 0 0 0 0 0 0 0 0 0 0 0 0 0 0 0 0 0 0 0 0 0
0 0 0 0 0 0 0 0 0 0 0 0 0 0 0 0 0 0 0 0 0 0 0 0 0 0 0 0 0 0 0 0
0 0 0 0 0 0 0 0 0 0 0 0 0 0 0 0 0 0 15 125 178 173 72 4 0 0 0 0 0 0 0 0
0 0 0 0 0 0 0 0 0 0 0 0 0 0 0 0 1 60 189 112 74 69 149 159 6 0 1 0 2 0 0 0
5 0 0 0 0 0 0 0 0 0 0 0 0 0 0 0 34 163 67 69 66 64 70 80 132 2 5 0 14 0 0 0
8 0 0 0 0 0 0 0 0 0 0 0 0 0 0 0 110 65 66 72 101 93 69 66 115 85 1 0 3 0 1 0
2 0 0 0 0 0 0 0 1 0 0 0 0 0 9 33 102 64 45 98 98 96 79 64 73 133 0 0 0 0 0 0
0 0 0 0 0 0 0 0 0 0 0 0 0 0 19 88 65 36 7 59 100 100 64 35 69 118 15 7 0 0 1 0
0 0 0 0 0 0 0 0 0 0 0 0 1 1 16 91 65 33 4 11 99 87 12 16 72 74 47 20 1 0 1 0
0 0 0 0 0 0 0 0 1 0 0 0 0 1 11 87 72 45 0 0 45 47 2 27 73 63 54 26 0 0 0 0
0 0 0 0 0 0 0 0 1 0 0 0 1 1 12 88 69 63 2 1 31 23 7 47 70 69 53 24 0 0 0 0
0 0 0 0 0 0 0 0 0 0 0 0 1 0 15 83 64 68 22 6 14 22 28 75 68 75 33 18 1 0 1 0
0 0 0 0 0 0 0 0 0 0 1 0 1 0 15 58 67 68 62 15 30 67 70 63 64 105 4 2 0 0 0 0
2 0 0 0 0 0 0 0 0 0 0 0 0 0 2 7 103 66 64 66 71 67 65 61 72 94 0 0 0 0 0 0
8 0 0 0 0 0 0 0 0 0 0 0 0 0 0 0 52 69 70 65 80 75 65 67 105 29 1 0 2 0 1 0
1 0 0 0 0 0 0 0 0 0 0 0 0 0 0 0 11 112 64 65 62 66 73 90 43 1 3 0 9 0 0 0
0 0 0 0 0 0 0 0 0 0 0 0 0 0 0 0 1 2 85 130 99 105 110 54 0 0 0 0 0 0 0 0
0 0 0 0 0 0 0 0 0 0 0 0 0 0 0 0 0 0 1 2 37 24 1 0 0 0 0 0 0 0 0 0
0 0 0 0 0 0 0 0 0 0 0 0 0 0 0 0 0 0 0 0 0 0 0 0 0 0 0 0 0 0 0 0
0 0 0 0 0 0 0 0 0 0 0 0 0 0 0 0 0 0 0 0 0 0 0 0 0 0 0 0 0 0 0 0
0 0 0 0 0 0 0 0 0 0 0 0 0 0 0 0 0 0 0 0 0 0 0 0 0 0 0 0 0 0 0 0
1 0 0 0 0 0 0 0 0 0 0 0 0 0 0 0 0 0 0 0 0 0 0 0 0 0 0 0 0 0 0 0
9 0 0 0 6 148 128 13 118 136 135 146 15 53 166 64 156 117 46 187 110 140 85 181 25 37 154 34 13 1 1 1
26 0 1 0 16 110 90 28 72 65 24 255 105 9 82 27 114 57 24 213 25 237 71 224 52 6 75 29 3 2 3 0
27 0 1 0 17 107 91 30 40 86 23 97 243 38 70 34 145 54 20 233 118 225 27 135 82 75 24 7 15 0 1 2
28 0 1 0 17 114 90 25 47 72 33 89 74 220 77 19 142 50 23 234 63 5 6 22 210 109 4 1 7 1 2 0
25 0 0 0 12 70 175 37 83 33 67 126 31 95 166 35 132 76 22 232 8 1 2 0 229 59 13 2 26 4 6 3
3 0 0 0 7 0 46 120 30 2 69 100 24 5 48 15 98 84 34 105 44 4 11 1 27 2 4 0 9 0 0 0
0 0 0 0 0 0 0 0 0 0 0 0 0 0 0 0 0 0 0 0 0 0 0 0 0 0 0 0 0 0 0 0
0 0 0 0 0 0 0 0 0 0 0 0 0 0 0 0 0 0 0 0 0 0 0 0 0 0 0 0 0 0 0 0
0 0 0 0 0 0 0 0 0 0 0 0 0 0 0 0 0 0 0 0 0 0 0 0 0 0 0 0 0 0 0 0
