0 0 0 0 0 0 0 0 0 0 0 0 0 0 0 0
0 0 0 0 0 0 0 0 3 66 170 33 0 1 1 0
16 1 2 0 3 1 1 0 108 210 169 224 54 5 15 2
5 0 1 0 2 0 5 19 196 136 193 140 165 6 13 3
4 0 0 0 3 4 16 83 90 36 203 61 177 49 3 1
2 1 0 1 3 2 17 81 116 4 84 40 145 77 2 1
1 0 0 0 3 1 14 61 138 54 65 118 162 29 5 1
7 0 0 0 1 1 2 4 165 145 142 135 124 5 13 1
9 0 0 0 2 0 0 0 51 191 198 147 23 3 8 2
0 0 0 0 0 0 0 0 0 1 29 1 0 0 0 0
0 0 0 0 0 0 0 0 0 0 0 0 0 0 0 0
10 2 104 43 138 146 39 116 146 116 114 141 31 85 13 5
46 2 155 113 108 209 164 162 175 203 255 254 116 89 26 8
41 1 135 140 157 147 174 145 207 240 53 15 252 27 51 10
2 0 8 68 13 82 15 34 90 69 13 7 12 2 4 1
0 0 0 0 0 0 0 0 0 0 0 0 0 0 0 0
